1 0.487500 0.481250 0.068750 0.068750
2 0.781250 0.610938 0.118750 0.118750
0 0.273438 0.754687 0.103125 0.103125
2 0.650000 0.398438 0.093750 0.093750
2 0.131250 0.581250 0.078125 0.078125
2 0.800000 0.326562 0.106250 0.106250
0 0.467187 0.412500 0.096875 0.096875
1 0.229687 0.273438 0.065625 0.065625
1 0.329688 0.553125 0.062500 0.062500
2 0.270313 0.581250 0.106250 0.106250
3 0.129688 0.623437 0.081250 0.081250
1 0.418750 0.506250 0.115625 0.115625
3 0.318750 0.121875 0.100000 0.100000
0 0.501563 0.365625 0.065625 0.065625