1 0.489063 0.223438 0.112500 0.112500
3 0.671875 0.217188 0.118750 0.118750
0 0.192188 0.901563 0.081250 0.081250
1 0.356250 0.617188 0.112500 0.112500
3 0.279687 0.421875 0.118750 0.118750
3 0.239063 0.806250 0.065625 0.065625
3 0.304688 0.757812 0.106250 0.106250
0 0.832812 0.585938 0.062500 0.062500
3 0.500000 0.098437 0.081250 0.081250
0 0.165625 0.770312 0.096875 0.096875
0 0.189062 0.203125 0.109375 0.109375
0 0.551562 0.746875 0.078125 0.078125
1 0.765625 0.692187 0.100000 0.100000
3 0.696875 0.693750 0.068750 0.068750
1 0.650000 0.282813 0.078125 0.078125