2 0.837500 0.800000 0.106250 0.106250
1 0.850000 0.364063 0.068750 0.068750
2 0.629687 0.242188 0.084375 0.084375
2 0.453125 0.410938 0.075000 0.075000
0 0.167187 0.484375 0.109375 0.109375
0 0.821875 0.756250 0.125000 0.125000
1 0.707812 0.884375 0.100000 0.100000
1 0.329688 0.101562 0.071875 0.071875
3 0.443750 0.375000 0.112500 0.112500
3 0.173437 0.492188 0.071875 0.071875
3 0.306250 0.835938 0.112500 0.112500
2 0.801562 0.900000 0.103125 0.103125
3 0.346875 0.853125 0.106250 0.106250
2 0.489063 0.535937 0.112500 0.112500