2 0.759375 0.746875 0.075000 0.075000
2 0.695312 0.387500 0.115625 0.115625
3 0.478125 0.453125 0.090625 0.090625
1 0.834375 0.185938 0.115625 0.115625
3 0.759375 0.307812 0.100000 0.100000
1 0.501563 0.418750 0.093750 0.093750
0 0.812500 0.685937 0.068750 0.068750
1 0.175000 0.521875 0.100000 0.100000
0 0.209375 0.393750 0.118750 0.118750
1 0.859375 0.426563 0.093750 0.093750
2 0.117188 0.431250 0.081250 0.081250
0 0.859375 0.481250 0.121875 0.121875
1 0.728125 0.476562 0.115625 0.115625
2 0.545312 0.701562 0.106250 0.106250