1 0.240625 0.623437 0.071875 0.071875
0 0.831250 0.173437 0.078125 0.078125
3 0.725000 0.887500 0.062500 0.062500
3 0.775000 0.368750 0.096875 0.096875
1 0.392188 0.532813 0.087500 0.087500
3 0.331250 0.148438 0.121875 0.121875
1 0.565625 0.890625 0.103125 0.103125
3 0.190625 0.232813 0.087500 0.087500
3 0.312500 0.764062 0.081250 0.081250
1 0.123438 0.704688 0.096875 0.096875
3 0.868750 0.643750 0.118750 0.118750
2 0.714063 0.525000 0.078125 0.078125
0 0.603125 0.443750 0.062500 0.062500
2 0.185938 0.848437 0.112500 0.112500
2 0.465625 0.348438 0.071875 0.071875