1 0.582812 0.682813 0.109375 0.109375
2 0.773438 0.621875 0.096875 0.096875
3 0.526563 0.582812 0.087500 0.087500
1 0.285938 0.401562 0.093750 0.093750
0 0.389062 0.400000 0.081250 0.081250
3 0.535937 0.545312 0.071875 0.071875
1 0.567187 0.456250 0.096875 0.096875
1 0.576562 0.115625 0.115625 0.115625
1 0.531250 0.165625 0.065625 0.065625
2 0.295312 0.878125 0.071875 0.071875
0 0.548438 0.843750 0.109375 0.109375
3 0.637500 0.387500 0.065625 0.065625
2 0.857812 0.275000 0.068750 0.068750
3 0.879687 0.210938 0.118750 0.118750