0 0.593750 0.776563 0.093750 0.093750
2 0.692187 0.337500 0.109375 0.109375
0 0.239063 0.229687 0.068750 0.068750
3 0.246875 0.689063 0.075000 0.075000
0 0.620313 0.289062 0.103125 0.103125
2 0.770312 0.175000 0.090625 0.090625
2 0.656250 0.259375 0.118750 0.118750
1 0.340625 0.864062 0.084375 0.084375
0 0.653125 0.681250 0.071875 0.071875
2 0.454688 0.779687 0.115625 0.115625
0 0.520312 0.139063 0.078125 0.078125
2 0.587500 0.635938 0.096875 0.096875
0 0.382812 0.321875 0.118750 0.118750
3 0.204687 0.320312 0.125000 0.125000