2 0.350000 0.156250 0.115625 0.115625
3 0.425000 0.862500 0.093750 0.093750
1 0.096875 0.114062 0.068750 0.068750
0 0.882812 0.331250 0.068750 0.068750
0 0.254688 0.503125 0.125000 0.125000
1 0.823438 0.567187 0.087500 0.087500
3 0.173437 0.253125 0.078125 0.078125
0 0.557813 0.668750 0.093750 0.093750
3 0.278125 0.245312 0.065625 0.065625
0 0.314063 0.365625 0.093750 0.093750
2 0.793750 0.521875 0.068750 0.068750
2 0.640625 0.385937 0.071875 0.071875
3 0.732812 0.823438 0.087500 0.087500
3 0.857812 0.767188 0.125000 0.125000