1 0.614062 0.695312 0.087500 0.087500
3 0.676562 0.275000 0.118750 0.118750
1 0.381250 0.135937 0.106250 0.106250
1 0.793750 0.559375 0.068750 0.068750
3 0.892188 0.315625 0.125000 0.125000
2 0.479687 0.496875 0.075000 0.075000
3 0.696875 0.210938 0.106250 0.106250
3 0.734375 0.903125 0.103125 0.103125
0 0.668750 0.229687 0.071875 0.071875
1 0.660937 0.359375 0.125000 0.125000
0 0.732812 0.623437 0.103125 0.103125
0 0.109375 0.250000 0.087500 0.087500
1 0.446875 0.806250 0.096875 0.096875
3 0.834375 0.893750 0.075000 0.075000
2 0.132812 0.865625 0.071875 0.071875