1 0.517188 0.315625 0.084375 0.084375
2 0.778125 0.731250 0.096875 0.096875
1 0.314063 0.882812 0.068750 0.068750
0 0.268750 0.337500 0.125000 0.125000
1 0.768750 0.195312 0.100000 0.100000
3 0.842187 0.495312 0.115625 0.115625
0 0.276562 0.520312 0.125000 0.125000
2 0.271875 0.562500 0.103125 0.103125
1 0.818750 0.098437 0.087500 0.087500
1 0.904687 0.262500 0.125000 0.125000
2 0.904687 0.410938 0.075000 0.075000
2 0.351562 0.093750 0.121875 0.121875
2 0.875000 0.123438 0.071875 0.071875
2 0.584375 0.476562 0.065625 0.065625
1 0.218750 0.229687 0.109375 0.109375