0 0.895312 0.315625 0.106250 0.106250
1 0.460938 0.215625 0.112500 0.112500
2 0.431250 0.332813 0.078125 0.078125
1 0.671875 0.282813 0.084375 0.084375
3 0.621875 0.275000 0.109375 0.109375
3 0.859375 0.429688 0.118750 0.118750
1 0.750000 0.128125 0.084375 0.084375
0 0.296875 0.350000 0.075000 0.075000
0 0.328125 0.182812 0.078125 0.078125
2 0.381250 0.742188 0.121875 0.121875
0 0.546875 0.229687 0.081250 0.081250
3 0.846875 0.864062 0.078125 0.078125
1 0.750000 0.321875 0.118750 0.118750
1 0.515625 0.360938 0.093750 0.093750
3 0.203125 0.460938 0.100000 0.100000