2 0.734375 0.151562 0.106250 0.106250
0 0.596875 0.496875 0.093750 0.093750
0 0.739062 0.095312 0.115625 0.115625
3 0.754687 0.179688 0.081250 0.081250
2 0.890625 0.800000 0.065625 0.065625
1 0.520312 0.303125 0.090625 0.090625
3 0.868750 0.287500 0.062500 0.062500
1 0.346875 0.590625 0.115625 0.115625
0 0.745313 0.242188 0.084375 0.084375
0 0.831250 0.281250 0.125000 0.125000
1 0.890625 0.559375 0.112500 0.112500
2 0.757812 0.865625 0.109375 0.109375
1 0.823438 0.325000 0.100000 0.100000
1 0.906250 0.310937 0.068750 0.068750
2 0.756250 0.637500 0.112500 0.112500