2 0.873437 0.150000 0.121875 0.121875
0 0.468750 0.553125 0.084375 0.084375
0 0.787500 0.250000 0.125000 0.125000
0 0.803125 0.359375 0.090625 0.090625
0 0.167187 0.612500 0.065625 0.065625
2 0.667188 0.692187 0.103125 0.103125
1 0.484375 0.751563 0.118750 0.118750
1 0.365625 0.373437 0.068750 0.068750
3 0.478125 0.889062 0.118750 0.118750
1 0.464062 0.831250 0.125000 0.125000
2 0.828125 0.501563 0.062500 0.062500
3 0.553125 0.345313 0.068750 0.068750
3 0.645312 0.571875 0.125000 0.125000
3 0.493750 0.823438 0.090625 0.090625