2 0.145313 0.464062 0.090625 0.090625
2 0.818750 0.206250 0.084375 0.084375
2 0.409375 0.773438 0.071875 0.071875
1 0.331250 0.518750 0.075000 0.075000
0 0.189062 0.357812 0.090625 0.090625
2 0.795312 0.292187 0.106250 0.106250
2 0.737500 0.528125 0.112500 0.112500
3 0.793750 0.221875 0.121875 0.121875
0 0.784375 0.609375 0.121875 0.121875
2 0.134375 0.239063 0.084375 0.084375
0 0.523438 0.157812 0.078125 0.078125
3 0.800000 0.537500 0.078125 0.078125
3 0.879687 0.239063 0.109375 0.109375
2 0.746875 0.626563 0.093750 0.093750
0 0.350000 0.620313 0.103125 0.103125