1 0.190625 0.712500 0.112500 0.112500
3 0.853125 0.470313 0.109375 0.109375
2 0.218750 0.725000 0.065625 0.065625
1 0.285938 0.810937 0.078125 0.078125
1 0.431250 0.401562 0.075000 0.075000
0 0.770312 0.218750 0.103125 0.103125
1 0.329688 0.506250 0.093750 0.093750
0 0.232813 0.714063 0.115625 0.115625
3 0.614062 0.534375 0.112500 0.112500
3 0.112500 0.764062 0.071875 0.071875
3 0.332813 0.329688 0.118750 0.118750
0 0.262500 0.254688 0.090625 0.090625
2 0.750000 0.515625 0.100000 0.100000
3 0.850000 0.153125 0.078125 0.078125