3 0.418750 0.637500 0.121875 0.121875
1 0.593750 0.603125 0.096875 0.096875
3 0.301563 0.685937 0.112500 0.112500
0 0.603125 0.479687 0.106250 0.106250
0 0.520312 0.812500 0.084375 0.084375
1 0.248438 0.173437 0.090625 0.090625
3 0.762500 0.490625 0.078125 0.078125
2 0.593750 0.396875 0.078125 0.078125
3 0.840625 0.890625 0.090625 0.090625
3 0.129688 0.237500 0.100000 0.100000
3 0.478125 0.437500 0.118750 0.118750
2 0.170313 0.173437 0.090625 0.090625
3 0.845313 0.550000 0.115625 0.115625
0 0.265625 0.782813 0.075000 0.075000
2 0.678125 0.737500 0.096875 0.096875