0 0.864062 0.279687 0.087500 0.087500
0 0.704688 0.445312 0.084375 0.084375
2 0.753125 0.657813 0.112500 0.112500
0 0.514062 0.490625 0.090625 0.090625
0 0.731250 0.640625 0.068750 0.068750
1 0.854688 0.595313 0.096875 0.096875
1 0.523438 0.385937 0.081250 0.081250
3 0.412500 0.468750 0.084375 0.084375
2 0.423438 0.459375 0.081250 0.081250
1 0.662500 0.342187 0.071875 0.071875
0 0.218750 0.881250 0.121875 0.121875
0 0.160938 0.864062 0.096875 0.096875
2 0.881250 0.532813 0.109375 0.109375
1 0.540625 0.729688 0.084375 0.084375
1 0.179688 0.770312 0.109375 0.109375