1 0.675000 0.689063 0.090625 0.090625
3 0.746875 0.634375 0.121875 0.121875
0 0.628125 0.198437 0.093750 0.093750
0 0.710938 0.546875 0.087500 0.087500
1 0.626563 0.223438 0.118750 0.118750
1 0.653125 0.589063 0.125000 0.125000
3 0.300000 0.228125 0.090625 0.090625
3 0.618750 0.296875 0.112500 0.112500
0 0.770312 0.906250 0.096875 0.096875
0 0.673438 0.587500 0.078125 0.078125
1 0.639062 0.870313 0.081250 0.081250
1 0.312500 0.340625 0.068750 0.068750
2 0.254688 0.904687 0.115625 0.115625
0 0.631250 0.303125 0.121875 0.121875
3 0.339062 0.353125 0.078125 0.078125