0 0.356250 0.700000 0.062500 0.062500
3 0.517188 0.820312 0.090625 0.090625
3 0.871875 0.340625 0.081250 0.081250
2 0.440625 0.185938 0.118750 0.118750
0 0.595313 0.184375 0.065625 0.065625
3 0.896875 0.345313 0.065625 0.065625
0 0.390625 0.203125 0.121875 0.121875
0 0.468750 0.739062 0.071875 0.071875
1 0.156250 0.223438 0.103125 0.103125
2 0.510938 0.420312 0.093750 0.093750
1 0.517188 0.726562 0.075000 0.075000
2 0.825000 0.598437 0.068750 0.068750
0 0.826562 0.253125 0.068750 0.068750
1 0.903125 0.517188 0.075000 0.075000