1 0.267188 0.118750 0.081250 0.081250
3 0.332813 0.246875 0.078125 0.078125
3 0.154688 0.898438 0.071875 0.071875
0 0.864062 0.301563 0.121875 0.121875
0 0.782813 0.765625 0.096875 0.096875
0 0.779687 0.459375 0.109375 0.109375
3 0.653125 0.250000 0.103125 0.103125
1 0.500000 0.856250 0.084375 0.084375
0 0.546875 0.746875 0.087500 0.087500
1 0.101562 0.104688 0.118750 0.118750
0 0.104688 0.693750 0.125000 0.125000
1 0.598437 0.746875 0.096875 0.096875
0 0.340625 0.775000 0.125000 0.125000
2 0.510938 0.770312 0.118750 0.118750