1 0.450000 0.098437 0.062500 0.062500
2 0.834375 0.771875 0.115625 0.115625
3 0.460938 0.489063 0.106250 0.106250
2 0.340625 0.534375 0.081250 0.081250
0 0.143750 0.764062 0.121875 0.121875
0 0.478125 0.423438 0.068750 0.068750
0 0.146875 0.807813 0.121875 0.121875
0 0.484375 0.164062 0.100000 0.100000
3 0.467187 0.440625 0.065625 0.065625
1 0.898438 0.556250 0.084375 0.084375
2 0.606250 0.471875 0.090625 0.090625
1 0.446875 0.754687 0.090625 0.090625
2 0.190625 0.373437 0.125000 0.125000
3 0.885938 0.168750 0.096875 0.096875