3 0.739062 0.779687 0.109375 0.109375
3 0.100000 0.153125 0.115625 0.115625
1 0.690625 0.115625 0.093750 0.093750
1 0.121875 0.100000 0.125000 0.125000
1 0.454688 0.643750 0.090625 0.090625
1 0.257812 0.706250 0.112500 0.112500
2 0.360938 0.196875 0.065625 0.065625
2 0.557813 0.821875 0.112500 0.112500
2 0.787500 0.307812 0.093750 0.093750
3 0.667188 0.393750 0.078125 0.078125
3 0.123438 0.457813 0.084375 0.084375
1 0.431250 0.128125 0.118750 0.118750
1 0.290625 0.679688 0.125000 0.125000
0 0.693750 0.501563 0.115625 0.115625