0 0.459375 0.706250 0.068750 0.068750
0 0.257812 0.593750 0.096875 0.096875
2 0.312500 0.704688 0.075000 0.075000
1 0.203125 0.106250 0.121875 0.121875
1 0.796875 0.654687 0.081250 0.081250
1 0.751563 0.801562 0.081250 0.081250
0 0.253125 0.317188 0.071875 0.071875
3 0.654687 0.779687 0.093750 0.093750
1 0.489063 0.535937 0.125000 0.125000
0 0.490625 0.548438 0.062500 0.062500
2 0.421875 0.395313 0.100000 0.100000
2 0.179688 0.476562 0.109375 0.109375
3 0.273438 0.478125 0.109375 0.109375
0 0.112500 0.670312 0.093750 0.093750
1 0.712500 0.765625 0.096875 0.096875