2 0.467187 0.212500 0.081250 0.081250
1 0.267188 0.342187 0.071875 0.071875
1 0.812500 0.839063 0.093750 0.093750
3 0.285938 0.665625 0.081250 0.081250
3 0.585938 0.834375 0.087500 0.087500
0 0.237500 0.345313 0.090625 0.090625
0 0.437500 0.617188 0.075000 0.075000
0 0.490625 0.662500 0.100000 0.100000
0 0.571875 0.509375 0.078125 0.078125
0 0.740625 0.817187 0.115625 0.115625
1 0.243750 0.832812 0.071875 0.071875
1 0.287500 0.112500 0.065625 0.065625
1 0.301563 0.409375 0.100000 0.100000
2 0.228125 0.507812 0.068750 0.068750
0 0.196875 0.409375 0.125000 0.125000