2 0.904687 0.573438 0.078125 0.078125
1 0.562500 0.248438 0.109375 0.109375
1 0.506250 0.385937 0.093750 0.093750
0 0.448437 0.660937 0.084375 0.084375
2 0.765625 0.623437 0.096875 0.096875
2 0.564063 0.834375 0.071875 0.071875
3 0.178125 0.206250 0.109375 0.109375
1 0.893750 0.284375 0.100000 0.100000
2 0.754687 0.179688 0.075000 0.075000
1 0.414062 0.640625 0.103125 0.103125
3 0.321875 0.598437 0.078125 0.078125
0 0.873437 0.625000 0.125000 0.125000
1 0.593750 0.185938 0.062500 0.062500
3 0.531250 0.428125 0.078125 0.078125
1 0.876563 0.234375 0.075000 0.075000