0 0.103125 0.484375 0.115625 0.115625
2 0.425000 0.171875 0.078125 0.078125
1 0.181250 0.651563 0.065625 0.065625
1 0.145313 0.570312 0.093750 0.093750
0 0.171875 0.267188 0.103125 0.103125
1 0.351562 0.548438 0.121875 0.121875
1 0.821875 0.668750 0.065625 0.065625
0 0.571875 0.609375 0.096875 0.096875
3 0.201563 0.776563 0.115625 0.115625
0 0.560937 0.846875 0.075000 0.075000
0 0.532813 0.620313 0.112500 0.112500
3 0.428125 0.428125 0.121875 0.121875
0 0.267188 0.232813 0.109375 0.109375
2 0.776563 0.600000 0.087500 0.087500
2 0.300000 0.887500 0.112500 0.112500