1 0.228125 0.312500 0.125000 0.125000
3 0.821875 0.773438 0.121875 0.121875
1 0.820312 0.771875 0.115625 0.115625
3 0.707812 0.660937 0.084375 0.084375
1 0.771875 0.104688 0.118750 0.118750
3 0.471875 0.895312 0.087500 0.087500
3 0.679688 0.146875 0.065625 0.065625
3 0.682813 0.273438 0.118750 0.118750
3 0.220312 0.320312 0.112500 0.112500
2 0.837500 0.218750 0.112500 0.112500
0 0.485938 0.848437 0.125000 0.125000
0 0.592187 0.178125 0.093750 0.093750
0 0.843750 0.818750 0.112500 0.112500
3 0.623437 0.767188 0.096875 0.096875