0 0.107813 0.851562 0.075000 0.075000
1 0.106250 0.451562 0.087500 0.087500
2 0.532813 0.770312 0.100000 0.100000
2 0.828125 0.496875 0.081250 0.081250
3 0.576562 0.728125 0.118750 0.118750
0 0.104688 0.692187 0.115625 0.115625
2 0.570312 0.265625 0.109375 0.109375
0 0.631250 0.535937 0.125000 0.125000
2 0.535937 0.510938 0.125000 0.125000
2 0.393750 0.332813 0.112500 0.112500
1 0.184375 0.739062 0.093750 0.093750
1 0.134375 0.889062 0.090625 0.090625
2 0.762500 0.740625 0.100000 0.100000
0 0.396875 0.642188 0.084375 0.084375