0 0.562500 0.415625 0.065625 0.065625
1 0.159375 0.598437 0.090625 0.090625
3 0.850000 0.498437 0.065625 0.065625
1 0.550000 0.664062 0.065625 0.065625
2 0.529687 0.292187 0.096875 0.096875
3 0.732812 0.796875 0.100000 0.100000
2 0.392188 0.887500 0.109375 0.109375
2 0.520312 0.225000 0.103125 0.103125
0 0.781250 0.381250 0.115625 0.115625
2 0.606250 0.257812 0.068750 0.068750
2 0.565625 0.582812 0.106250 0.106250
3 0.359375 0.803125 0.096875 0.096875
3 0.160938 0.657813 0.121875 0.121875
3 0.532813 0.184375 0.068750 0.068750
3 0.675000 0.348438 0.062500 0.062500