1 0.532813 0.796875 0.068750 0.068750
2 0.468750 0.528125 0.093750 0.093750
2 0.221875 0.314063 0.075000 0.075000
1 0.706250 0.337500 0.081250 0.081250
0 0.756250 0.745313 0.093750 0.093750
3 0.757812 0.192188 0.081250 0.081250
3 0.715625 0.125000 0.118750 0.118750
3 0.856250 0.103125 0.096875 0.096875
2 0.717187 0.764062 0.115625 0.115625
1 0.873437 0.443750 0.087500 0.087500
3 0.870313 0.139063 0.100000 0.100000
2 0.740625 0.357812 0.106250 0.106250
1 0.135937 0.723437 0.118750 0.118750
0 0.226562 0.778125 0.075000 0.075000
3 0.384375 0.173437 0.087500 0.087500