2 0.879687 0.393750 0.093750 0.093750
0 0.335938 0.171875 0.115625 0.115625
0 0.390625 0.256250 0.090625 0.090625
2 0.293750 0.793750 0.062500 0.062500
1 0.237500 0.334375 0.062500 0.062500
3 0.440625 0.640625 0.103125 0.103125
2 0.890625 0.687500 0.106250 0.106250
0 0.621875 0.221875 0.075000 0.075000
0 0.518750 0.720313 0.068750 0.068750
3 0.382812 0.400000 0.087500 0.087500
3 0.112500 0.287500 0.084375 0.084375
3 0.801562 0.489063 0.065625 0.065625
1 0.829688 0.243750 0.112500 0.112500
1 0.850000 0.715625 0.090625 0.090625
2 0.346875 0.160938 0.115625 0.115625