2 0.431250 0.820312 0.093750 0.093750
2 0.700000 0.537500 0.103125 0.103125
2 0.223438 0.845313 0.062500 0.062500
0 0.653125 0.451562 0.125000 0.125000
0 0.157812 0.142187 0.084375 0.084375
1 0.125000 0.337500 0.084375 0.084375
1 0.850000 0.276562 0.118750 0.118750
1 0.837500 0.503125 0.096875 0.096875
1 0.276562 0.354687 0.090625 0.090625
0 0.134375 0.592187 0.118750 0.118750
3 0.728125 0.410938 0.068750 0.068750
1 0.256250 0.575000 0.121875 0.121875
0 0.159375 0.648438 0.115625 0.115625
3 0.685937 0.203125 0.112500 0.112500