3 0.381250 0.465625 0.090625 0.090625
1 0.095312 0.282813 0.062500 0.062500
3 0.281250 0.425000 0.121875 0.121875
3 0.754687 0.165625 0.093750 0.093750
2 0.432812 0.110937 0.125000 0.125000
1 0.543750 0.500000 0.068750 0.068750
2 0.573438 0.903125 0.115625 0.115625
2 0.103125 0.275000 0.093750 0.093750
2 0.726562 0.139063 0.078125 0.078125
1 0.621875 0.634375 0.109375 0.109375
3 0.150000 0.310937 0.109375 0.109375
1 0.829688 0.629687 0.106250 0.106250
3 0.182812 0.571875 0.118750 0.118750
2 0.123438 0.426563 0.118750 0.118750
2 0.659375 0.198437 0.075000 0.075000